0.000000000000000000e+00
0.000000000000000000e+00
0.000000000000000000e+00
0.000000000000000000e+00
0.000000000000000000e+00
0.000000000000000000e+00
0.000000000000000000e+00
0.000000000000000000e+00
0.000000000000000000e+00
0.000000000000000000e+00
0.000000000000000000e+00
0.000000000000000000e+00
0.000000000000000000e+00
0.000000000000000000e+00
0.000000000000000000e+00
0.000000000000000000e+00
0.000000000000000000e+00
0.000000000000000000e+00
0.000000000000000000e+00
0.000000000000000000e+00
0.000000000000000000e+00
0.000000000000000000e+00
0.000000000000000000e+00
0.000000000000000000e+00
0.000000000000000000e+00
0.000000000000000000e+00
0.000000000000000000e+00
0.000000000000000000e+00
0.000000000000000000e+00
0.000000000000000000e+00
0.000000000000000000e+00
0.000000000000000000e+00
0.000000000000000000e+00
0.000000000000000000e+00
0.000000000000000000e+00
0.000000000000000000e+00
0.000000000000000000e+00
0.000000000000000000e+00
0.000000000000000000e+00
0.000000000000000000e+00
0.000000000000000000e+00
0.000000000000000000e+00
0.000000000000000000e+00
0.000000000000000000e+00
0.000000000000000000e+00
0.000000000000000000e+00
0.000000000000000000e+00
0.000000000000000000e+00
0.000000000000000000e+00
0.000000000000000000e+00
0.000000000000000000e+00
2.685246539235381823e-12
4.776743677808004509e-08
1.081876272944764959e-06
1.054029333910084540e-05
6.423929025248252317e-05
2.906705446685798580e-04
9.906349494242343290e-04
2.720564995736527488e-03
6.310334649575442822e-03
1.277933173792261158e-02
2.328943229639891463e-02
3.893041236786648485e-02
6.075769375392484073e-02
9.025274932680298068e-02
1.281072073335296491e-01
1.755887135436368651e-01
2.335211316832034867e-01
3.024479863450320605e-01
3.817171034140838248e-01
4.722045535752191214e-01
5.725367947379410571e-01
6.824836282804466192e-01
7.999200363115107626e-01
9.231550855385208809e-01
1.048358160995368049e+00
1.170161280560331862e+00
1.286447636574832298e+00
1.391618380307460878e+00
1.483355824821628977e+00
1.558018217716589771e+00
1.616849001357966831e+00
1.659912732519615686e+00
1.684938702640358166e+00
1.697087717777800542e+00
1.697267222407373488e+00
1.685451150257986752e+00
1.667440820363262466e+00
1.641315093242636136e+00
1.609983014515931066e+00
1.576862219178195579e+00
1.538557874122143510e+00
1.500854821136800021e+00
1.461541695536454188e+00
1.422488702498469593e+00
1.383668256326884949e+00
1.345989620810239318e+00
1.309060194635708774e+00
1.273715580167900985e+00
1.239910515039175154e+00
1.206874787334375032e+00
1.176660404995824027e+00
1.146944160652033640e+00
1.120328110168033575e+00
1.093959441803704635e+00
1.069548199587606829e+00
1.047214895377817756e+00
1.025755619784117112e+00
1.006304057309987732e+00
9.877524746842477610e-01
9.711064525313291007e-01
9.554125806967688206e-01
9.415701615306795169e-01
9.279293314349161825e-01
9.167391122082321209e-01
9.060021563927415089e-01
8.966428523569986986e-01
8.883744542570579661e-01
8.806730627798834421e-01
8.748652624482128326e-01
8.693463978148262550e-01
8.651684647151085539e-01
8.617776549323029611e-01
8.592757233306702602e-01
8.576023720286967134e-01
8.568589320426875933e-01
8.571012397747422851e-01
8.581047370709941058e-01
8.591288208088954104e-01
8.621391189205652728e-01
8.647327700542056794e-01
8.688198336723690351e-01
8.728888441251558827e-01
8.779297522948252830e-01
8.835179818078029435e-01
8.895888947866237295e-01
8.961439435493475658e-01
9.028085589035570457e-01
9.101569137449740943e-01
9.177498505659291705e-01
9.255038860656411570e-01
9.331429894439543515e-01
9.416065329887765012e-01
9.494367991356362779e-01
9.577638687336466061e-01
9.656374188185549157e-01
9.737060889344689718e-01
9.815245757252070158e-01
9.890035537987765801e-01
9.963470670638867599e-01
1.003529856173879020e+00
1.010506104185745491e+00
1.016649394983360599e+00
1.023164481028868034e+00
1.028744644308982048e+00
1.034254425940904998e+00
1.038626615303999134e+00
1.043137431883137234e+00
1.047002368390139937e+00
1.050387896174454827e+00
1.053093692293309180e+00
1.055280723862741077e+00
1.056793327215744371e+00
1.057981861175774974e+00
1.058780676844741420e+00
1.058684529322239554e+00
1.058178091996462067e+00
1.057677553827806038e+00
1.055991970387087253e+00
1.054410870979885617e+00
1.052668863237337771e+00
1.050225032537959402e+00
1.047343249094214279e+00
1.044914192709275991e+00
1.041900726443498959e+00
1.038779760320217571e+00
1.035462755758719933e+00
1.032135294589631158e+00
1.028789431699845380e+00
1.025373717774761273e+00
1.022107527616317402e+00
1.018587388088227463e+00
1.015289151232429132e+00
1.012132422654751007e+00
1.008901448136618972e+00
1.005750756732195050e+00
1.003145438961138503e+00
1.000212065810562212e+00
9.976468573624207581e-01
9.950808780681040799e-01
9.926683547200590985e-01
9.906949535999514111e-01
9.887485988443099894e-01
9.868527320165516592e-01
9.852641691664684176e-01
9.837628919218912582e-01
9.826861892757671191e-01
9.816105242049688595e-01
9.804954945120745169e-01
9.801163174535116873e-01
9.793934073704183563e-01
9.789078830429368550e-01
9.789892596203310093e-01
9.788602258641383447e-01
9.788160090939388436e-01
9.793386633288151399e-01
9.794479041523656004e-01
9.799813674957166265e-01
9.807706256075848783e-01
9.814487073883613188e-01
9.823400756176825510e-01
9.830240163279320154e-01
9.842350693658600269e-01
9.852253657472344051e-01
9.862615268708978533e-01
9.876236097463096941e-01
9.886669394920457599e-01
9.898789300811798864e-01
9.912105166094268283e-01
9.924025361395647504e-01
9.936237409606288873e-01
9.948429000185230464e-01
9.959070672673755453e-01
9.972335240649881083e-01
9.981167505652318583e-01
9.993299003987673457e-01
1.000353677273868591e+00
1.001232815613888993e+00
1.002103015863002655e+00
1.003054889201594913e+00
1.003700385678204521e+00
1.004503701499061652e+00
1.005265496979032003e+00
1.005686685671861147e+00
1.006427442576971032e+00
1.006811527938134443e+00
1.007333329332542604e+00
1.007612957044182522e+00
1.007828128436802695e+00
1.008070227399058716e+00
1.008302096108655288e+00
1.008291162369426175e+00
1.008306876676745345e+00
1.008290523968932817e+00
1.008234953473384099e+00
1.008048347896346231e+00
1.007762298089365460e+00
1.007618874512675511e+00
1.007307834231853771e+00
1.006906035968385904e+00
1.006656706257526901e+00
1.006149708974562573e+00
1.005720577971063623e+00
1.005290548219118563e+00
1.004730612413184065e+00
1.004253804002581685e+00
1.003885366381532362e+00
1.003266863710594148e+00
1.002849961671084866e+00
1.002279155547659784e+00
1.001800751191608940e+00
1.001290903314861147e+00
1.000776682419870056e+00
1.000261169502243863e+00
9.999909940370428352e-01
9.994886519165866456e-01
9.990669118295898432e-01
9.986630333178863062e-01
9.982253589106935276e-01
9.980094507336868537e-01
9.976903822437259706e-01
9.974370101124325760e-01
9.970906253056699420e-01
9.970492127184412690e-01
9.967195168022168206e-01
9.966584892898694426e-01
9.965620846079601414e-01
9.963804004018312899e-01
9.963045000423369491e-01
9.962369194760434254e-01
9.963104644687071909e-01
9.961786850701872531e-01
9.964442466024951983e-01
9.962625663742722404e-01
9.964822167266372821e-01
9.965694395767070723e-01
9.966713939123414967e-01
9.966754598914909780e-01
9.969955540878741029e-01
9.971546956020980179e-01
9.973031387720693308e-01
9.975478495009976188e-01
9.977792074017400870e-01
9.979343635867102824e-01
9.981756966603027026e-01
9.983554891421096977e-01
9.985680621137993374e-01
9.988458900026402354e-01
9.990997983867629939e-01
9.992308809618727361e-01
9.994407161538912954e-01
