0.000000000000000000e+00
0.000000000000000000e+00
0.000000000000000000e+00
0.000000000000000000e+00
0.000000000000000000e+00
0.000000000000000000e+00
0.000000000000000000e+00
0.000000000000000000e+00
0.000000000000000000e+00
0.000000000000000000e+00
0.000000000000000000e+00
0.000000000000000000e+00
0.000000000000000000e+00
0.000000000000000000e+00
0.000000000000000000e+00
0.000000000000000000e+00
0.000000000000000000e+00
0.000000000000000000e+00
0.000000000000000000e+00
0.000000000000000000e+00
0.000000000000000000e+00
0.000000000000000000e+00
0.000000000000000000e+00
0.000000000000000000e+00
0.000000000000000000e+00
0.000000000000000000e+00
0.000000000000000000e+00
0.000000000000000000e+00
0.000000000000000000e+00
0.000000000000000000e+00
0.000000000000000000e+00
0.000000000000000000e+00
0.000000000000000000e+00
0.000000000000000000e+00
0.000000000000000000e+00
0.000000000000000000e+00
0.000000000000000000e+00
0.000000000000000000e+00
0.000000000000000000e+00
0.000000000000000000e+00
0.000000000000000000e+00
0.000000000000000000e+00
0.000000000000000000e+00
0.000000000000000000e+00
0.000000000000000000e+00
0.000000000000000000e+00
0.000000000000000000e+00
0.000000000000000000e+00
0.000000000000000000e+00
0.000000000000000000e+00
0.000000000000000000e+00
1.095432705533544578e-17
1.370836092743913755e-09
3.077385188573151717e-08
3.232362341897515518e-07
2.383386612637707867e-06
1.634888572489518144e-05
9.303414056458048716e-05
4.126004493462200095e-04
1.443957407219572569e-03
4.085882955419195030e-03
9.704853864297535715e-03
1.983372055983523979e-02
3.586110931025265902e-02
5.916390740401809845e-02
8.940865010561535597e-02
1.267196432834152564e-01
1.703705884811740345e-01
2.193473901094752931e-01
2.701677702282557769e-01
3.202491737115067405e-01
3.623046401042904208e-01
3.908291123812687173e-01
3.996156918199657015e-01
3.873658585769036433e-01
3.563200620156097287e-01
3.120646720242994387e-01
2.642984531139651594e-01
2.193697590570578004e-01
1.825785210195336461e-01
1.554836242442720895e-01
1.377093702108922457e-01
1.269428054991736943e-01
1.204389011736095583e-01
1.164609447611963944e-01
1.134621970591824791e-01
1.102039590476500130e-01
1.068588084228836443e-01
1.027003036567366578e-01
9.809712472775844461e-02
9.320104650593741269e-02
8.783169584261507623e-02
8.263232937165687630e-02
7.732010199351613267e-02
7.226668316778050993e-02
6.734216115571900474e-02
6.278623869020893977e-02
5.848888649971839548e-02
5.450696478572303327e-02
5.080008743012198735e-02
4.740357465131728176e-02
4.429926188443467083e-02
4.140674480981010319e-02
3.879266769292311068e-02
3.635376486257357875e-02
3.411809221693706817e-02
3.205730453292798821e-02
3.009706284259627829e-02
2.834651242132801841e-02
2.668899308579975038e-02
2.514288250822038773e-02
2.369810856245135877e-02
2.237946090120634945e-02
2.112803621027448120e-02
1.999942983378955041e-02
1.892923640302468513e-02
1.794153373625073655e-02
1.703485779057423155e-02
1.617387285147142695e-02
1.543473794453709136e-02
1.471018100447285537e-02
1.408185346833190632e-02
1.353226728811540713e-02
1.303180141999971120e-02
1.260642488132834860e-02
1.225543038751508718e-02
1.197150728858742408e-02
1.173819572451262339e-02
1.154045516315160835e-02
1.142198852606624015e-02
1.131543459147654751e-02
1.126018781157189785e-02
1.120853225733020597e-02
1.119732031545972450e-02
1.121741530515751872e-02
1.126507756229633284e-02
1.135469436306313362e-02
1.147899820142350702e-02
1.164569182616348453e-02
1.183648399408621099e-02
1.201101488061995237e-02
1.216935036408728354e-02
1.227528661537358179e-02
1.227398907531929151e-02
1.218104950741505377e-02
1.197809990034115479e-02
1.169378665057552169e-02
1.132755180541289430e-02
1.093575979987781999e-02
1.052512531781157890e-02
1.013490727686572335e-02
9.785731576132272735e-03
9.462735761771590148e-03
9.189535958357586409e-03
8.950972670167978151e-03
8.743503798615215317e-03
8.565929442665209947e-03
8.419665904299211689e-03
8.291654471254794601e-03
8.177909759328638728e-03
8.070970482134676161e-03
7.985086087523463050e-03
7.875759313590080524e-03
7.773525545158310734e-03
7.667437411619015819e-03
7.540852659464913899e-03
7.399291738623858805e-03
7.267936209182535023e-03
7.112374265733745204e-03
6.958790232480360771e-03
6.799478690621363342e-03
6.631193296880555366e-03
6.457296003472334789e-03
6.278785281198295820e-03
6.101538696766217740e-03
5.917651664916201426e-03
5.735294596591611338e-03
5.558881466723120113e-03
5.377210571988921828e-03
5.203404522433396906e-03
5.042707116461597749e-03
4.880559427581365739e-03
4.731341312365078267e-03
4.600281377412196449e-03
4.478313175518389144e-03
4.366061987969516167e-03
4.273360847319107592e-03
4.179473688186163827e-03
4.100842632494217099e-03
4.029727259850068855e-03
3.966640089218209653e-03
3.915085772029036626e-03
3.863502466092683107e-03
3.824102246797078664e-03
3.787333966813966057e-03
3.750169955268223276e-03
3.723075906897577170e-03
3.691636701817935240e-03
3.663853403734762537e-03
3.635558672581473694e-03
3.607820493770064196e-03
3.571776449144414833e-03
3.535695632467028560e-03
3.496987620096647653e-03
3.456172450122863005e-03
3.408215572796913229e-03
3.353503522619649679e-03
3.300921786150157189e-03
3.245823396806013506e-03
3.190127192732927774e-03
3.134692819593776214e-03
3.084246140151680748e-03
3.039312297878349334e-03
2.995283935119941177e-03
2.954412715578946802e-03
2.912985229551079414e-03
2.874512001975415565e-03
2.829608648172388108e-03
2.782720599042831644e-03
2.721889431484214583e-03
2.659989541749063768e-03
2.588979802126467611e-03
2.515748956543495396e-03
2.440750485208087461e-03
2.372438140103683146e-03
2.312055573162052902e-03
2.260321506455831297e-03
2.227541768774710107e-03
2.205174152964284318e-03
2.196261984426461922e-03
2.199147797628642209e-03
2.209144783644090282e-03
2.221186678713849005e-03
2.238246911551167173e-03
2.254098251926350827e-03
2.264180706062823845e-03
2.269213558894644933e-03
2.267155240111229375e-03
2.259916333942513234e-03
2.245269414451467327e-03
2.228674210255743304e-03
2.203748513750936056e-03
2.178234851922145054e-03
2.147423451701602204e-03
2.116807167936274325e-03
2.080859429461234811e-03
2.044499063691418428e-03
2.006024495498914817e-03
1.965026860515362017e-03
1.923543859798870770e-03
1.882352738887593802e-03
1.840762129373896272e-03
1.800382896239627328e-03
1.760534298724136804e-03
1.721260863909002126e-03
1.685632860074282036e-03
1.652244393592239291e-03
1.623322965776718974e-03
1.595585196521698279e-03
1.569914290689533587e-03
1.550971807262824242e-03
1.530635340063035699e-03
1.516869608034321359e-03
1.506961044405397132e-03
1.497223947545034406e-03
1.489351733199750782e-03
1.483094701790532710e-03
1.479944525615950468e-03
1.476902213031872080e-03
1.475968590404108660e-03
1.472947802029000997e-03
1.473969052392720691e-03
1.472907930108680041e-03
1.474113914980090811e-03
1.471625624350214601e-03
1.469230932555132263e-03
1.463815340804974774e-03
1.459248802603840822e-03
1.450941107346004344e-03
1.443704878666074443e-03
1.431932795152746074e-03
1.418221401926156311e-03
1.403724523950766745e-03
1.387233608951543573e-03
1.370956937443601475e-03
1.351559750221609235e-03
1.333584264116560725e-03
1.316367863803402649e-03
1.296926248664953540e-03
1.279287548662022544e-03
1.262492516665880693e-03
1.244303340143249059e-03
1.228286668225497813e-03
1.212276968296843727e-03
1.197789488159739513e-03
1.181754303715032428e-03
1.168167899003536014e-03
1.156752875497435440e-03
1.146969940078901296e-03
1.135896474019570945e-03
1.127593827600748000e-03
